intersect_bp,f_orig_query,f_match,f_unique_to_query,f_unique_weighted,average_abund,median_abund,std_abund,filename,name,md5,f_match_orig,unique_intersect_bp,gather_result_rank,remaining_bp,query_filename,query_name,query_md5,query_bp,ksize,moltype,scaled,query_n_hashes,query_abundance,query_containment_ani,match_containment_ani,average_containment_ani,max_containment_ani,potential_false_negative,n_unique_weighted_found,sum_weighted_found,total_weighted_hashes
1424000,0.002295959498242559,0.23880597014925373,0.002295959498242559,0.0012088940989375308,1.5758426966292134,1.0,0.9634503876240608,/nfs3_ib/nfs-ip34/fast/def-ilafores/sourmash_db/gtdb-rs214-reps.k31.zip,"GCF_019355555.1 Rhizobium sp. L51/94 strain=L51/94 ASM1935555v1",99e1bb0c59972a920365013876c3f114,0.23880597014925373,1424000,0,5533000,/nfs3_ib/nfs-ip34/home/def-ilafores/analysis/boreal_moss/preproc/S-25-POLJUN-G/S-25-POLJUN-G_unmatched_2.fastq,S-25-POLJUN-G,d126cf9e,620220000,31,DNA,1000,620220,True,0.8219962071651471,0.9548539330281949,0.8884250700966709,0.9548539330281949,False,2244,2244,1856242
791000,0.0012753539066782755,0.12130041404692532,0.0012753539066782755,0.0006669389012855005,1.5651074589127687,1.0,1.3191178937190182,/nfs3_ib/nfs-ip34/fast/def-ilafores/sourmash_db/gtdb-rs214-reps.k31.zip,"GCF_022829365.1 Methylobacterium sp. J-077 strain=J-077 ASM2282936v1",9427e56a12226d50b9c8d4cf56b920c1,0.12130041404692532,791000,1,4742000,/nfs3_ib/nfs-ip34/home/def-ilafores/analysis/boreal_moss/preproc/S-25-POLJUN-G/S-25-POLJUN-G_unmatched_2.fastq,S-25-POLJUN-G,d126cf9e,620220000,31,DNA,1000,620220,True,0.8065536277604098,0.9342157190631862,0.870384673411798,0.9342157190631862,False,1238,3482,1856242
334000,0.0005385185901776788,0.05578206078576724,0.00048531166360323756,0.00023326699859177845,1.4385382059800664,1.0,0.9542925521654122,/nfs3_ib/nfs-ip34/fast/def-ilafores/sourmash_db/gtdb-rs214-reps.k31.zip,"GCF_022179125.1 Methylobacterium cerastii strain=DSM 23679 ASM2217912v1",42dc6e59959f45af47426c79f76d9bb6,0.06189770200148258,301000,2,4441000,/nfs3_ib/nfs-ip34/home/def-ilafores/analysis/boreal_moss/preproc/S-25-POLJUN-G/S-25-POLJUN-G_unmatched_2.fastq,S-25-POLJUN-G,d126cf9e,620220000,31,DNA,1000,620220,True,0.7844312041701684,0.9141590412561261,0.8492951227131473,0.9141590412561261,False,433,3915,1856242
273000,0.00044016639257037825,0.03343577135832821,0.00043855406146206186,0.00023542189003373482,1.6066176470588236,1.0,1.5983770355970068,/nfs3_ib/nfs-ip34/fast/def-ilafores/sourmash_db/gtdb-rs214-reps.k31.zip,"GCF_020829625.1 Nostoc sp. XA010 strain=XA010 ASM2082962v1",5fecf54fd95f6a535be00ea420845bb9,0.03355869698832206,272000,3,4169000,/nfs3_ib/nfs-ip34/home/def-ilafores/analysis/boreal_moss/preproc/S-25-POLJUN-G/S-25-POLJUN-G_unmatched_2.fastq,S-25-POLJUN-G,d126cf9e,620220000,31,DNA,1000,620220,True,0.7793446829367968,0.89628334327843,0.8378140131076134,0.89628334327843,False,437,4352,1856242
317000,0.0005111089613363,0.03509789702683104,0.00039018412821256976,0.00018101088112433615,1.3884297520661157,1.0,0.7700155716622994,/nfs3_ib/nfs-ip34/fast/def-ilafores/sourmash_db/gtdb-rs214-reps.k31.zip,"GCF_022829385.1 Methylobacterium sp. J-070 strain=J-070 ASM2282938v1",48fe550b161c1b6a0798cff176c79725,0.045975344452501815,242000,4,3927000,/nfs3_ib/nfs-ip34/home/def-ilafores/analysis/boreal_moss/preproc/S-25-POLJUN-G/S-25-POLJUN-G_unmatched_2.fastq,S-25-POLJUN-G,d126cf9e,620220000,31,DNA,1000,620220,True,0.7831104439729584,0.9054315945437816,0.84427101925837,0.9054315945437816,False,336,4688,1856242
206000,0.0003321402083131792,0.019803940984255867,0.00032246622166328076,0.0004395978541591021,4.08,4.0,2.871167010119753,/nfs3_ib/nfs-ip34/fast/def-ilafores/sourmash_db/gtdb-rs214-reps.k31.zip,"GCA_016903675.1 Stigonema ocellatum SAG 48.90 = DSM 106950 ASM1690367v1",ba44ced52d5322f77d2df2b9e3d1afb5,0.020398059213783543,200000,5,3727000,/nfs3_ib/nfs-ip34/home/def-ilafores/analysis/boreal_moss/preproc/S-25-POLJUN-G/S-25-POLJUN-G_unmatched_2.fastq,S-25-POLJUN-G,d126cf9e,620220000,31,DNA,1000,620220,True,0.7722973826950186,0.8820041082232739,0.8271507454591462,0.8820041082232739,False,816,5504,1856242
204000,0.0003289155460965464,0.04154488517745303,0.00032085389055496437,0.00014761006377401223,1.3768844221105527,1.0,0.8645260947775372,/nfs3_ib/nfs-ip34/fast/def-ilafores/sourmash_db/gtdb-rs214-reps.k31.zip,"GCF_005844085.1 Acetobacteraceae bacterium KEBCLARHB70R strain=KEBCLARHB70R ASM584408v1",498150ab681f0d11140df321d485e8fa,0.04258872651356994,199000,6,3528000,/nfs3_ib/nfs-ip34/home/def-ilafores/analysis/boreal_moss/preproc/S-25-POLJUN-G/S-25-POLJUN-G_unmatched_2.fastq,S-25-POLJUN-G,d126cf9e,620220000,31,DNA,1000,620220,True,0.772054367118825,0.9031995208375656,0.8376269439781954,0.9031995208375656,False,274,5778,1856242
282000,0.0004546773725452259,0.028256941021849846,0.00027732095063042145,0.0001384517751456976,1.494186046511628,1.0,0.8660058879388957,/nfs3_ib/nfs-ip34/fast/def-ilafores/sourmash_db/gtdb-rs214-reps.k31.zip,"GCF_022829585.1 Methylobacterium sp. J-026 strain=J-026 ASM2282958v1",a2812e6a63e8d582bea34bde88b2b2b3,0.046328240512567766,172000,7,3356000,/nfs3_ib/nfs-ip34/home/def-ilafores/analysis/boreal_moss/preproc/S-25-POLJUN-G/S-25-POLJUN-G_unmatched_2.fastq,S-25-POLJUN-G,d126cf9e,620220000,31,DNA,1000,620220,True,0.7801605374085028,0.9056549558116851,0.8429077466100939,0.9056549558116851,False,257,6035,1856242
524000,0.0008448615007577956,0.01930177912051024,0.00018541807745638643,8.996671770167898e-05,1.4521739130434783,1.0,0.7828984970676435,/nfs3_ib/nfs-ip34/fast/def-ilafores/sourmash_db/gtdb-rs214-reps.k31.zip,"GCF_003240565.1 Rhizobium tumorigenes strain=1078 ASM324056v1",d1b16470e32bd87d8d2ff09faacfb4f8,0.08794897616649883,115000,8,3241000,/nfs3_ib/nfs-ip34/home/def-ilafores/analysis/boreal_moss/preproc/S-25-POLJUN-G/S-25-POLJUN-G_unmatched_2.fastq,S-25-POLJUN-G,d126cf9e,620220000,31,DNA,1000,620220,True,0.7959101607761419,0.9245766658157689,0.8602434132959553,0.9245766658157689,False,167,6202,1856242
228000,0.00036761149269614007,0.011677172677482691,0.00018219341523975364,9.96637291904827e-05,1.6371681415929205,1.0,1.2484464462885578,/nfs3_ib/nfs-ip34/fast/def-ilafores/sourmash_db/gtdb-rs214-reps.k31.zip,"GCF_020829645.1 Nostoc sp. CHAB 5784 strain=CHAB 5784 ASM2082964v1",e00379886d283874ae9235fdd288ac04,0.023561020977575696,113000,9,3128000,/nfs3_ib/nfs-ip34/home/def-ilafores/analysis/boreal_moss/preproc/S-25-POLJUN-G/S-25-POLJUN-G_unmatched_2.fastq,S-25-POLJUN-G,d126cf9e,620220000,31,DNA,1000,620220,True,0.7748294146429473,0.8861150901219004,0.8304722523824238,0.8861150901219004,False,185,6387,1856242
105000,0.0001692947663732224,0.01647916336555221,0.000167682435264906,0.00010666712637684095,1.9038461538461537,1.0,1.5033247177840827,/nfs3_ib/nfs-ip34/fast/def-ilafores/sourmash_db/gtdb-rs214-reps.k31.zip,"GCA_023231945.1 Comamonadaceae bacterium BS-T2-15 strain=BS-T2-15 ASM2323194v1",be84853b0c595a0b38db8da38d8600ce,0.01663761685945175,104000,10,3024000,/nfs3_ib/nfs-ip34/home/def-ilafores/analysis/boreal_moss/preproc/S-25-POLJUN-G/S-25-POLJUN-G_unmatched_2.fastq,S-25-POLJUN-G,d126cf9e,620220000,31,DNA,1000,620220,True,0.755689416202752,0.876225408479473,0.8159574123411124,0.876225408479473,False,198,6585,1856242
100000,0.00016123311083164038,0.012009803921568628,0.00015800844861500756,7.973098335238617e-05,1.510204081632653,1.0,0.8718371168691358,/nfs3_ib/nfs-ip34/fast/def-ilafores/sourmash_db/gtdb-rs214-reps.k31.zip,"GCF_001557535.2 Burkholderia sp. PAMC 26561 strain=PAMC 26561 ASM155753v2",fd0c18741012ebc26c58ba341945dc59,0.012254901960784314,98000,11,2926000,/nfs3_ib/nfs-ip34/home/def-ilafores/analysis/boreal_moss/preproc/S-25-POLJUN-G/S-25-POLJUN-G_unmatched_2.fastq,S-25-POLJUN-G,d126cf9e,620220000,31,DNA,1000,620220,True,0.7545009900311802,0.8676260350779144,0.8110635125545473,0.8676260350779144,False,148,6733,1856242
228000,0.00036761149269614007,0.017128730354935548,0.00015639611750669117,6.895652614260425e-05,1.3195876288659794,1.0,0.806499266623008,/nfs3_ib/nfs-ip34/fast/def-ilafores/sourmash_db/gtdb-rs214-reps.k31.zip,"GCF_008039875.1 Methylobacterium sp. WL119 strain=WL119 ASM803987v1",e5bf01c613c616b5ef30b491d1b9f44e,0.040261345576549534,97000,12,2829000,/nfs3_ib/nfs-ip34/home/def-ilafores/analysis/boreal_moss/preproc/S-25-POLJUN-G/S-25-POLJUN-G_unmatched_2.fastq,S-25-POLJUN-G,d126cf9e,620220000,31,DNA,1000,620220,True,0.7748294146429473,0.9015636565616095,0.8381965356022785,0.9015636565616095,False,128,6861,1856242
99000,0.00015962077972332399,0.020649602064960207,0.00015478378639837478,7.64986461894516e-05,1.4791666666666667,1.0,0.8895125850087163,/nfs3_ib/nfs-ip34/fast/def-ilafores/sourmash_db/gtdb-rs214-reps.k31.zip,"GCF_014200755.1 Rhodanobacter sp. ANJX3 strain=ANJX3 ASM1420075v1",7fef193f7ba419cdf3a4ddc2e3c2e444,0.021294902129490215,96000,13,2733000,/nfs3_ib/nfs-ip34/home/def-ilafores/analysis/boreal_moss/preproc/S-25-POLJUN-G/S-25-POLJUN-G_unmatched_2.fastq,S-25-POLJUN-G,d126cf9e,620220000,31,DNA,1000,620220,True,0.7542564171516508,0.8832291784379367,0.8187427977947938,0.8832291784379367,False,142,7003,1856242
95000,0.00015317145529005835,0.020896924160601082,0.00014349746864015993,8.026970621287526e-05,1.6741573033707866,1.0,1.21576979727856,/nfs3_ib/nfs-ip34/fast/def-ilafores/sourmash_db/gtdb-rs214-reps.k31.zip,"GCA_903871605.1 uncultured Sphingomonadaceae bacterium freshwater MAG --- MJ-time_bin-2722",27675496e0a87cf632f1b72a34005225,0.022305705564686546,89000,14,2644000,/nfs3_ib/nfs-ip34/home/def-ilafores/analysis/boreal_moss/preproc/S-25-POLJUN-G/S-25-POLJUN-G_unmatched_2.fastq,S-25-POLJUN-G,d126cf9e,620220000,31,DNA,1000,620220,True,0.7532536080502263,0.8845514436886517,0.818902525869439,0.8845514436886517,False,149,7152,1856242
107000,0.00017251942858985522,0.011587639850825785,0.00014027280642352715,0.0001998661812414545,4.264367816091954,4.0,2.5527076907406565,/nfs3_ib/nfs-ip34/fast/def-ilafores/sourmash_db/gtdb-rs214-reps.k31.zip,"GCA_903903925.1 uncultured cyanobacterium freshwater MAG --- B12_bin-0982",ab6aaf73a947e0ebc08c273d04c0486c,0.014251465103889185,87000,15,2557000,/nfs3_ib/nfs-ip34/home/def-ilafores/analysis/boreal_moss/preproc/S-25-POLJUN-G/S-25-POLJUN-G_unmatched_2.fastq,S-25-POLJUN-G,d126cf9e,620220000,31,DNA,1000,620220,True,0.7561495147230465,0.8718606583338966,0.8140050865284716,0.8718606583338966,False,371,7523,1856242
93000,0.00014994679307342557,0.01822973863386778,0.00013382348199026151,6.895652614260425e-05,1.5421686746987953,1.0,0.909139733971734,/nfs3_ib/nfs-ip34/fast/def-ilafores/sourmash_db/gtdb-rs214-reps.k31.zip,"GCF_000241485.1 Sphingomonas sp. PAMC 26605 strain=PAMC 26605 ASM24148v1",a94bc29217b4f097eefb5b4be032f15a,0.020426092686141005,83000,16,2474000,/nfs3_ib/nfs-ip34/home/def-ilafores/analysis/boreal_moss/preproc/S-25-POLJUN-G/S-25-POLJUN-G_unmatched_2.fastq,S-25-POLJUN-G,d126cf9e,620220000,31,DNA,1000,620220,True,0.7527367764984224,0.8820431840632023,0.8173899802808123,0.8820431840632023,False,128,7651,1856242
243000,0.00039179645932088615,0.00940279542566709,0.00011931250201541388,6.141440609575691e-05,1.5405405405405406,1.0,1.377318087161179,/nfs3_ib/nfs-ip34/fast/def-ilafores/sourmash_db/gtdb-rs214-reps.k31.zip,"GCF_003113895.1 Nostoc commune NIES-4072 strain=NIES-4072 ASM311389v1",e674c8d3dbf7942a6ac7ecf6ab2a87aa,0.03087674714104193,74000,17,2400000,/nfs3_ib/nfs-ip34/home/def-ilafores/analysis/boreal_moss/preproc/S-25-POLJUN-G/S-25-POLJUN-G_unmatched_2.fastq,S-25-POLJUN-G,d126cf9e,620220000,31,DNA,1000,620220,True,0.7764235971295403,0.893878387358706,0.8351509922441231,0.893878387358706,False,114,7765,1856242
83000,0.00013382348199026151,0.025351147653305928,0.00011931250201541388,6.787908042162606e-05,1.7027027027027026,1.0,1.0619936596966757,/nfs3_ib/nfs-ip34/fast/def-ilafores/sourmash_db/gtdb-rs214-reps.k31.zip,"GCF_903642285.1 Sphingomonas bacterium MAGs_Cladonia_metabat2_9",66cfd08091988b835a58977d895817b0,0.02843439534087016,74000,18,2326000,/nfs3_ib/nfs-ip34/home/def-ilafores/analysis/boreal_moss/preproc/S-25-POLJUN-G/S-25-POLJUN-G_unmatched_2.fastq,S-25-POLJUN-G,d126cf9e,620220000,31,DNA,1000,620220,True,0.749979564496425,0.8915054447519267,0.8207425046241759,0.8915054447519267,False,126,7891,1856242
78000,0.0001257618264486795,0.0196131844184146,0.00011608783979878108,8.134715193385346e-05,2.0972222222222223,2.0,1.4352673214250429,/nfs3_ib/nfs-ip34/fast/def-ilafores/sourmash_db/gtdb-rs214-reps.k31.zip,"GCA_903644065.1 Betaproteobacteria bacterium MAGs_Lobaria_metabat2_15",f9ac4088a0367cbc38e63a20f90ff803,0.021247616453282485,72000,19,2254000,/nfs3_ib/nfs-ip34/home/def-ilafores/analysis/boreal_moss/preproc/S-25-POLJUN-G/S-25-POLJUN-G_unmatched_2.fastq,S-25-POLJUN-G,d126cf9e,620220000,31,DNA,1000,620220,True,0.748477922538093,0.8831658450494947,0.8158218837937938,0.8831658450494947,False,151,8042,1856242
71000,0.00011447550869046467,0.00969150969150969,0.00011447550869046467,6.895652614260425e-05,1.8028169014084507,1.0,1.6239381649736557,/nfs3_ib/nfs-ip34/fast/def-ilafores/sourmash_db/gtdb-rs214-reps.k31.zip,"GCF_014203275.1 Granulicella aggregans strain=M8UP14 ASM1420327v1",779f272f13d6fda4647ee89872acf2a3,0.00969150969150969,71000,20,2183000,/nfs3_ib/nfs-ip34/home/def-ilafores/analysis/boreal_moss/preproc/S-25-POLJUN-G/S-25-POLJUN-G_unmatched_2.fastq,S-25-POLJUN-G,d126cf9e,620220000,31,DNA,1000,620220,True,0.7462110849627247,0.8610827417673925,0.8036469133650586,0.8610827417673925,False,128,8170,1856242
75000,0.00012092483312373029,0.011045029736618521,0.00010480152204056625,5.2256117467442283e-05,1.4923076923076923,1.0,0.9466227731024714,/nfs3_ib/nfs-ip34/fast/def-ilafores/sourmash_db/gtdb-rs214-reps.k31.zip,"GCF_004137685.1 Lichenibacterium minor strain=RmlP026 ASM413768v1",1cfdff9a5643f1bc741e8140111fd291,0.012744265080713678,65000,21,2118000,/nfs3_ib/nfs-ip34/home/def-ilafores/analysis/boreal_moss/preproc/S-25-POLJUN-G/S-25-POLJUN-G_unmatched_2.fastq,S-25-POLJUN-G,d126cf9e,620220000,31,DNA,1000,620220,True,0.7475315588136409,0.8687226050743682,0.8081270819440045,0.8687226050743682,False,97,8267,1856242
74000,0.00011931250201541388,0.014661391668606005,0.00010157685982393344,5.387228604890957e-05,1.5873015873015872,1.0,0.9366424439321862,/nfs3_ib/nfs-ip34/fast/def-ilafores/sourmash_db/gtdb-rs214-reps.k31.zip,"GCA_901457705.2 Beijerinckiaceae bacterium RH AL1 RHAL1_v2",68d38d139272b52f79455dbcc287ec27,0.017221317198045146,63000,22,2055000,/nfs3_ib/nfs-ip34/home/def-ilafores/analysis/boreal_moss/preproc/S-25-POLJUN-G/S-25-POLJUN-G_unmatched_2.fastq,S-25-POLJUN-G,d126cf9e,620220000,31,DNA,1000,620220,True,0.747207947225458,0.8772005898470138,0.8122042685362358,0.8772005898470138,False,100,8367,1856242
63000,0.00010157685982393344,0.010732538330494038,0.00010157685982393344,5.548845463037686e-05,1.6349206349206349,1.0,1.1992270963507368,/nfs3_ib/nfs-ip34/fast/def-ilafores/sourmash_db/gtdb-rs214-reps.k31.zip,"GCF_010729665.1 Mycolicibacterium madagascariense strain=JCM 13574 ASM1072966v1",55d8fcdb32ddbe2b0c924561b5479a7c,0.010732538330494038,63000,23,1992000,/nfs3_ib/nfs-ip34/home/def-ilafores/analysis/boreal_moss/preproc/S-25-POLJUN-G/S-25-POLJUN-G_unmatched_2.fastq,S-25-POLJUN-G,d126cf9e,620220000,31,DNA,1000,620220,True,0.7433390160827467,0.8639214807143335,0.80363024839854,0.8639214807143335,False,103,8470,1856242
61000,9.835219760730064e-05,0.008968609865470852,9.351520428235143e-05,4.0942937397171274e-05,1.3103448275862069,1.0,0.5932638115201812,/nfs3_ib/nfs-ip34/fast/def-ilafores/sourmash_db/gtdb-rs214-reps.k31.zip,"GCF_003852315.1 Pseudomonas sp. LBUM920 strain=LBUM920 ASM385231v1",e78f9eb12147f3070414522cdf8f2b2e,0.009432503479202103,58000,24,1934000,/nfs3_ib/nfs-ip34/home/def-ilafores/analysis/boreal_moss/preproc/S-25-POLJUN-G/S-25-POLJUN-G_unmatched_2.fastq,S-25-POLJUN-G,d126cf9e,620220000,31,DNA,1000,620220,True,0.7425658456361817,0.860330632129784,0.8014482388829829,0.860330632129784,False,76,8546,1856242
67000,0.00010802618425719906,0.010186757215619695,8.706587984908581e-05,5.0639948885974996e-05,1.7407407407407407,1.0,1.173554038352212,/nfs3_ib/nfs-ip34/fast/def-ilafores/sourmash_db/gtdb-rs214-reps.k31.zip,"GCA_021414305.1 Burkholderiales bacterium ASM2141430v1",3041d7823b70d5c7ccd652f67ec30244,0.012639124693454065,54000,25,1880000,/nfs3_ib/nfs-ip34/home/def-ilafores/analysis/boreal_moss/preproc/S-25-POLJUN-G/S-25-POLJUN-G_unmatched_2.fastq,S-25-POLJUN-G,d126cf9e,620220000,31,DNA,1000,620220,True,0.7448165594954239,0.8684904843944515,0.8066535219449378,0.8684904843944515,False,94,8640,1856242
207000,0.0003337525394214956,0.005638474295190713,8.22288865241366e-05,0.00048646674302165344,17.705882352941178,1.0,115.86745201300562,/nfs3_ib/nfs-ip34/fast/def-ilafores/sourmash_db/gtdb-rs214-reps.k31.zip,"GCA_020829485.1 Nostoc sp. CHAB 5834 strain=CHAB 5834 ASM2082948v1",ff180d7fdd96b283f7e1fb19ae990cb2,0.022885572139303482,51000,26,1829000,/nfs3_ib/nfs-ip34/home/def-ilafores/analysis/boreal_moss/preproc/S-25-POLJUN-G/S-25-POLJUN-G_unmatched_2.fastq,S-25-POLJUN-G,d126cf9e,620220000,31,DNA,1000,620220,True,0.7724180355446522,0.8852840463168046,0.8288510409307284,0.8852840463168046,False,903,9543,1856242
