intersect_bp,f_orig_query,f_match,f_unique_to_query,f_unique_weighted,average_abund,median_abund,std_abund,filename,name,md5,f_match_orig,unique_intersect_bp,gather_result_rank,remaining_bp,query_filename,query_name,query_md5,query_bp,ksize,moltype,scaled,query_n_hashes,query_abundance,query_containment_ani,match_containment_ani,average_containment_ani,max_containment_ani,potential_false_negative,n_unique_weighted_found,sum_weighted_found,total_weighted_hashes
758000,0.0011160697852817193,0.1338513155571252,0.0011160697852817193,0.0006597767077976122,1.6701846965699207,1.0,1.439888854431733,/nfs3_ib/nfs-ip34/fast/def-ilafores/sourmash_db/gtdb-rs214-reps.k31.zip,"GCF_008039875.1 Methylobacterium sp. WL119 strain=WL119 ASM803987v1",e5bf01c613c616b5ef30b491d1b9f44e,0.1338513155571252,758000,0,4278000,/nfs3_ib/nfs-ip34/home/def-ilafores/analysis/boreal_moss/preproc/S-27-POLPIL-G/S-27-POLPIL-G_unmatched_2.fastq,S-27-POLPIL-G,858bf305,679169000,31,DNA,1000,679169,True,0.8030900350948413,0.9371876067405726,0.870138820917707,0.9371876067405726,False,1266,1266,1918831
730000,0.001074842933054954,0.10007251631617115,0.0010159474298738606,0.0005560677308215263,1.546376811594203,1.0,0.9456352377849289,/nfs3_ib/nfs-ip34/fast/def-ilafores/sourmash_db/gtdb-rs214-reps.k31.zip,"GCF_022829385.1 Methylobacterium sp. J-070 strain=J-070 ASM2282938v1",48fe550b161c1b6a0798cff176c79725,0.10587382160986222,690000,1,3588000,/nfs3_ib/nfs-ip34/home/def-ilafores/analysis/boreal_moss/preproc/S-27-POLPIL-G/S-27-POLPIL-G_unmatched_2.fastq,S-27-POLPIL-G,858bf305,679169000,31,DNA,1000,679169,True,0.8021155498171779,0.9301255351257027,0.8661205424714403,0.9301255351257027,False,1067,2333,1918831
396000,0.0005830654814928244,0.081419624217119,0.0005742311560156603,0.00030539427390947926,1.5025641025641026,1.0,1.2252654719121454,/nfs3_ib/nfs-ip34/fast/def-ilafores/sourmash_db/gtdb-rs214-reps.k31.zip,"GCF_005844085.1 Acetobacteraceae bacterium KEBCLARHB70R strain=KEBCLARHB70R ASM584408v1",498150ab681f0d11140df321d485e8fa,0.0826722338204593,390000,2,3198000,/nfs3_ib/nfs-ip34/home/def-ilafores/analysis/boreal_moss/preproc/S-27-POLPIL-G/S-27-POLPIL-G_unmatched_2.fastq,S-27-POLPIL-G,858bf305,679169000,31,DNA,1000,679169,True,0.7864449010402658,0.922733139728021,0.8545890203841433,0.922733139728021,False,586,2919,1918831
363000,0.0005344766913684222,0.06070769746771759,0.000533004303788895,0.000262659921587675,1.3922651933701657,1.0,0.7694052064168962,/nfs3_ib/nfs-ip34/fast/def-ilafores/sourmash_db/gtdb-rs214-reps.k31.zip,"GCF_019355555.1 Rhizobium sp. L51/94 strain=L51/94 ASM1935555v1",99e1bb0c59972a920365013876c3f114,0.06087539828945162,362000,3,2836000,/nfs3_ib/nfs-ip34/home/def-ilafores/analysis/boreal_moss/preproc/S-27-POLPIL-G/S-27-POLPIL-G_unmatched_2.fastq,S-27-POLPIL-G,858bf305,679169000,31,DNA,1000,679169,True,0.784240587855078,0.9136680653709484,0.8489543266130132,0.9136680653709484,False,504,3423,1918831
461000,0.000678770674162101,0.053826100291366356,0.0005168080404140943,0.0002652656747780289,1.4501424501424502,1.0,0.8588030709951451,/nfs3_ib/nfs-ip34/fast/def-ilafores/sourmash_db/gtdb-rs214-reps.k31.zip,"GCF_022829365.1 Methylobacterium sp. J-077 strain=J-077 ASM2282936v1",9427e56a12226d50b9c8d4cf56b920c1,0.0706946787302561,351000,4,2485000,/nfs3_ib/nfs-ip34/home/def-ilafores/analysis/boreal_moss/preproc/S-27-POLPIL-G/S-27-POLPIL-G_unmatched_2.fastq,S-27-POLPIL-G,858bf305,679169000,31,DNA,1000,679169,True,0.7903100749589824,0.9180861647047948,0.8541981198318886,0.9180861647047948,False,509,3932,1918831
272000,0.00040048942163143486,0.034170854271356785,0.00040048942163143486,0.00019751609182882702,1.3933823529411764,1.0,0.71462682629821,/nfs3_ib/nfs-ip34/fast/def-ilafores/sourmash_db/gtdb-rs214-reps.k31.zip,"GCA_017115085.1 Nostoc sp. NMS7 ASM1711508v1",678a163446b4fcff04b3b72d55c7e111,0.034170854271356785,272000,5,2213000,/nfs3_ib/nfs-ip34/home/def-ilafores/analysis/boreal_moss/preproc/S-27-POLPIL-G/S-27-POLPIL-G_unmatched_2.fastq,S-27-POLPIL-G,858bf305,679169000,31,DNA,1000,679169,True,0.7769734215990242,0.8968061448775079,0.836889783238266,0.8968061448775079,False,379,4311,1918831
374000,0.000550672954743223,0.039099720716280595,0.00035042824392750554,0.00020012184501918095,1.6134453781512605,1.0,0.9580200494163368,/nfs3_ib/nfs-ip34/fast/def-ilafores/sourmash_db/gtdb-rs214-reps.k31.zip,"GCF_022829585.1 Methylobacterium sp. J-026 strain=J-026 ASM2282958v1",a2812e6a63e8d582bea34bde88b2b2b3,0.06144241826844094,238000,6,1975000,/nfs3_ib/nfs-ip34/home/def-ilafores/analysis/boreal_moss/preproc/S-27-POLPIL-G/S-27-POLPIL-G_unmatched_2.fastq,S-27-POLPIL-G,858bf305,679169000,31,DNA,1000,679169,True,0.7849961743650034,0.9139413614775824,0.8494687679212929,0.9139413614775824,False,384,4695,1918831
226000,0.0003327595929731775,0.027696078431372548,0.0003327595929731775,0.0001631201497161553,1.3849557522123894,1.0,0.7968656784844972,/nfs3_ib/nfs-ip34/fast/def-ilafores/sourmash_db/gtdb-rs214-reps.k31.zip,"GCF_001557535.2 Burkholderia sp. PAMC 26561 strain=PAMC 26561 ASM155753v2",fd0c18741012ebc26c58ba341945dc59,0.027696078431372548,226000,7,1749000,/nfs3_ib/nfs-ip34/home/def-ilafores/analysis/boreal_moss/preproc/S-27-POLPIL-G/S-27-POLPIL-G_unmatched_2.fastq,S-27-POLPIL-G,858bf305,679169000,31,DNA,1000,679169,True,0.7723437989698652,0.8907491742089321,0.8315464865893987,0.8907491742089321,False,313,5008,1918831
271000,0.00039901703405190755,0.02642901044867855,0.0003165633295983768,0.0001537394382308812,1.372093023255814,1.0,0.7842417702069763,/nfs3_ib/nfs-ip34/fast/def-ilafores/sourmash_db/gtdb-rs214-reps.k31.zip,"GCF_020829625.1 Nostoc sp. XA010 strain=XA010 ASM2082962v1",5fecf54fd95f6a535be00ea420845bb9,0.03331284572833436,215000,8,1534000,/nfs3_ib/nfs-ip34/home/def-ilafores/analysis/boreal_moss/preproc/S-27-POLPIL-G/S-27-POLPIL-G_unmatched_2.fastq,S-27-POLPIL-G,858bf305,679169000,31,DNA,1000,679169,True,0.7768811114767692,0.8960707766054035,0.8364759440410863,0.8960707766054035,False,295,5303,1918831
135000,0.00019877232323619012,0.020900594732370433,0.0001811036722818621,0.00011361083909943085,1.7723577235772359,1.0,1.2481727010097752,/nfs3_ib/nfs-ip34/fast/def-ilafores/sourmash_db/gtdb-rs214-reps.k31.zip,"GCF_004137685.1 Lichenibacterium minor strain=RmlP026 ASM413768v1",1cfdff9a5643f1bc741e8140111fd291,0.022939677145284623,123000,9,1411000,/nfs3_ib/nfs-ip34/home/def-ilafores/analysis/boreal_moss/preproc/S-27-POLPIL-G/S-27-POLPIL-G_unmatched_2.fastq,S-27-POLPIL-G,858bf305,679169000,31,DNA,1000,679169,True,0.7596125410700403,0.8853514836356818,0.8224820123528611,0.8853514836356818,False,218,5521,1918831
252000,0.0003710416700408882,0.012033824804856895,0.00016343502132753408,8.390525272939618e-05,1.4504504504504505,1.0,0.7796827576006776,/nfs3_ib/nfs-ip34/fast/def-ilafores/sourmash_db/gtdb-rs214-reps.k31.zip,"GCF_002813575.1 Nostoc flagelliforme CCNUN1 strain=CCNUN1 ASM281357v1",9ef52c35343aae6d3d3deda6e72bffb0,0.027320034692107545,111000,10,1300000,/nfs3_ib/nfs-ip34/home/def-ilafores/analysis/boreal_moss/preproc/S-27-POLPIL-G/S-27-POLPIL-G_unmatched_2.fastq,S-27-POLPIL-G,858bf305,679169000,31,DNA,1000,679169,True,0.7750615913222326,0.8903564540482412,0.8327090226852369,0.8903564540482412,False,161,5682,1918831
75000,0.00011042906846455007,0.01620098614698286,0.00010159474298738606,6.72284323111311e-05,1.8695652173913044,1.0,1.4133221575808577,/nfs3_ib/nfs-ip34/fast/def-ilafores/sourmash_db/gtdb-rs214-reps.k31.zip,"GCA_903871605.1 uncultured Sphingomonadaceae bacterium freshwater MAG --- MJ-time_bin-2722",27675496e0a87cf632f1b72a34005225,0.017609767551068325,69000,11,1231000,/nfs3_ib/nfs-ip34/home/def-ilafores/analysis/boreal_moss/preproc/S-27-POLPIL-G/S-27-POLPIL-G_unmatched_2.fastq,S-27-POLPIL-G,858bf305,679169000,31,DNA,1000,679169,True,0.745345320725829,0.8778319977291684,0.8115886592274988,0.8778319977291684,False,129,5811,1918831
110000,0.00016196263374800674,0.011457782478406488,9.570519266927672e-05,5.211506380707837e-05,1.5384615384615385,1.0,0.7859716784273724,/nfs3_ib/nfs-ip34/fast/def-ilafores/sourmash_db/gtdb-rs214-reps.k31.zip,"GCF_004137085.1 Lichenibacterium ramalinae strain=RmlP001 ASM413708v1",e5caa7fff3b6534a1d79c51129b48eb6,0.019390093424995595,65000,12,1166000,/nfs3_ib/nfs-ip34/home/def-ilafores/analysis/boreal_moss/preproc/S-27-POLPIL-G/S-27-POLPIL-G_unmatched_2.fastq,S-27-POLPIL-G,858bf305,679169000,31,DNA,1000,679169,True,0.7546108738593847,0.8805634235882265,0.8175871487238056,0.8805634235882265,False,100,5911,1918831
241000,0.00035484540666608753,0.007878017789072427,9.128802993069472e-05,4.5861256150228964e-05,1.4193548387096775,1.0,0.5833271393556492,/nfs3_ib/nfs-ip34/fast/def-ilafores/sourmash_db/gtdb-rs214-reps.k31.zip,"GCF_003113895.1 Nostoc commune NIES-4072 strain=NIES-4072 ASM311389v1",e674c8d3dbf7942a6ac7ecf6ab2a87aa,0.03062261753494282,62000,13,1104000,/nfs3_ib/nfs-ip34/home/def-ilafores/analysis/boreal_moss/preproc/S-27-POLPIL-G/S-27-POLPIL-G_unmatched_2.fastq,S-27-POLPIL-G,858bf305,679169000,31,DNA,1000,679169,True,0.7739465017118248,0.893640113743033,0.8337933077274289,0.893640113743033,False,88,5999,1918831
62000,9.128802993069472e-05,0.010391822827938671,8.981564235116738e-05,5.003046125479524e-05,1.5737704918032787,1.0,1.2208437876662863,/nfs3_ib/nfs-ip34/fast/def-ilafores/sourmash_db/gtdb-rs214-reps.k31.zip,"GCF_010729665.1 Mycolicibacterium madagascariense strain=JCM 13574 ASM1072966v1",55d8fcdb32ddbe2b0c924561b5479a7c,0.010562180579216355,61000,14,1043000,/nfs3_ib/nfs-ip34/home/def-ilafores/analysis/boreal_moss/preproc/S-27-POLPIL-G/S-27-POLPIL-G_unmatched_2.fastq,S-27-POLPIL-G,858bf305,679169000,31,DNA,1000,679169,True,0.740782593296996,0.8634756912985352,0.8021291422977657,0.8634756912985352,False,96,6095,1918831
66000,9.717758024880405e-05,0.019527235354573486,8.392609203305805e-05,5.003046125479524e-05,1.6842105263157894,1.0,0.8616160812497315,/nfs3_ib/nfs-ip34/fast/def-ilafores/sourmash_db/gtdb-rs214-reps.k31.zip,"GCF_903642285.1 Sphingomonas bacterium MAGs_Cladonia_metabat2_9",66cfd08091988b835a58977d895817b0,0.022610483042137718,57000,15,986000,/nfs3_ib/nfs-ip34/home/def-ilafores/analysis/boreal_moss/preproc/S-27-POLPIL-G/S-27-POLPIL-G_unmatched_2.fastq,S-27-POLPIL-G,858bf305,679169000,31,DNA,1000,679169,True,0.7422781005966588,0.8849387665239611,0.81360843356031,0.8849387665239611,False,96,6191,1918831
155000,0.0002282200748267368,0.00593970637677911,7.80365417149487e-05,3.7001695303025645e-05,1.3396226415094339,1.0,0.6426183534311849,/nfs3_ib/nfs-ip34/fast/def-ilafores/sourmash_db/gtdb-rs214-reps.k31.zip,"GCA_003326195.1 Nostoc punctiforme NIES-2108 ASM332619v1",b934245b074c1504958680c36c38a3f9,0.017370839403787964,53000,16,933000,/nfs3_ib/nfs-ip34/home/def-ilafores/analysis/boreal_moss/preproc/S-27-POLPIL-G/S-27-POLPIL-G_unmatched_2.fastq,S-27-POLPIL-G,858bf305,679169000,31,DNA,1000,679169,True,0.7630052800900456,0.877445247347892,0.8202252637189689,0.877445247347892,False,71,6262,1918831
