intersect_bp,f_orig_query,f_match,f_unique_to_query,f_unique_weighted,average_abund,median_abund,std_abund,filename,name,md5,f_match_orig,unique_intersect_bp,gather_result_rank,remaining_bp,query_filename,query_name,query_md5,query_bp,ksize,moltype,scaled,query_n_hashes,query_abundance,query_containment_ani,match_containment_ani,average_containment_ani,max_containment_ani,potential_false_negative,n_unique_weighted_found,sum_weighted_found,total_weighted_hashes
713000,0.0010653987475214162,0.12590499735122726,0.0010653987475214162,0.00042008265603624167,1.4810659186535764,1.0,1.292981588562499,/nfs3_ib/nfs-ip34/fast/def-ilafores/sourmash_db/genbank-2022.03-bacteria-k31.zip,"GCA_008039875.1 Methylobacterium sp. WL119 strain=WL119 ASM803987v1",e5bf01c613c616b5ef30b491d1b9f44e,0.12590499735122726,713000,0,4183000,/nfs3_ib/nfs-ip34/home/def-ilafores/analysis/boreal_moss/preproc/S-8-POLPIL-G/S-8-POLPIL-G_unmatched_2.fastq,S-8-POLPIL-G,f6b4b8c7,669233000,31,DNA,1000,669233,True,0.8018872277273819,0.9353391828334682,0.868613205280425,0.9353391828334682,False,1056,1056,2513791
562000,0.000839767315718143,0.1162839248434238,0.0008322960762544584,0.0003035256312080042,1.3698384201077198,1.0,0.7947463100957369,/nfs3_ib/nfs-ip34/fast/def-ilafores/sourmash_db/genbank-2022.03-bacteria-k31.zip,"GCA_005844085.1 Acetobacteraceae bacterium KEBCLARHB70R strain=KEBCLARHB70R ASM584408v1",498150ab681f0d11140df321d485e8fa,0.11732776617954072,557000,1,3626000,/nfs3_ib/nfs-ip34/home/def-ilafores/analysis/boreal_moss/preproc/S-8-POLPIL-G/S-8-POLPIL-G_unmatched_2.fastq,S-8-POLPIL-G,f6b4b8c7,669233000,31,DNA,1000,669233,True,0.7957548999822881,0.9332127657626812,0.8644838328724846,0.9332127657626812,False,763,1819,2513791
509000,0.0007605721774030868,0.01514971129233883,0.0007605721774030868,0.00031068613102680373,1.5343811394891944,1.0,4.064955971860087,/nfs3_ib/nfs-ip34/fast/def-ilafores/sourmash_db/genbank-2022.03-fungi-k31.zip,"GCA_018257865.1 Stereocaulon alpinum strain=ANT050947 ASM1825786v1",ffcb962d6d814caef2e603f13d68104a,0.01514971129233883,509000,2,3117000,/nfs3_ib/nfs-ip34/home/def-ilafores/analysis/boreal_moss/preproc/S-8-POLPIL-G/S-8-POLPIL-G_unmatched_2.fastq,S-8-POLPIL-G,f6b4b8c7,669233000,31,DNA,1000,669233,True,0.793216294273429,0.8735813753259972,0.8333988347997131,0.8735813753259972,False,781,2600,2513791
425000,0.0006350553544131864,0.0548033526756931,0.0006350553544131864,0.00022396452211023113,1.3247058823529412,1.0,0.6042800056757758,/nfs3_ib/nfs-ip34/fast/def-ilafores/sourmash_db/genbank-2022.03-bacteria-k31.zip,"GCA_002141475.1 Caballeronia sordidicola strain=PAMC 26510 ASM214147v1",f609ef9ea2e648f734dd79bf3c6f87f3,0.0548033526756931,425000,3,2692000,/nfs3_ib/nfs-ip34/home/def-ilafores/analysis/boreal_moss/preproc/S-8-POLPIL-G/S-8-POLPIL-G_unmatched_2.fastq,S-8-POLPIL-G,f6b4b8c7,669233000,31,DNA,1000,669233,True,0.788614739151368,0.9105763344550266,0.8495955368031973,0.9105763344550266,False,563,3163,2513791
220000,0.00032873453640212006,0.028402366863905324,0.0002868955954054866,0.00011098774719139339,1.453125,1.0,0.9453232609580351,/nfs3_ib/nfs-ip34/fast/def-ilafores/sourmash_db/genbank-2022.03-bacteria-k31.zip,"GCA_900114535.1 Methylobacterium pseudosasicola strain=BL36 IMG-taxon 2654588108 annotated assembly",0ea69f38c6d02ea1cea9f50221ce08b3,0.03254437869822485,192000,4,2500000,/nfs3_ib/nfs-ip34/home/def-ilafores/analysis/boreal_moss/preproc/S-8-POLPIL-G/S-8-POLPIL-G_unmatched_2.fastq,S-8-POLPIL-G,f6b4b8c7,669233000,31,DNA,1000,669233,True,0.7720406576920245,0.8953964214615852,0.8337185395768048,0.8953964214615852,False,279,3442,2513791
186000,0.0002779301080490651,0.031686541737649065,0.0002779301080490651,0.00011417019155530432,1.543010752688172,1.0,1.0578836500715383,/nfs3_ib/nfs-ip34/fast/def-ilafores/sourmash_db/genbank-2022.03-bacteria-k31.zip,"GCA_010729665.1 Mycolicibacterium madagascariense strain=JCM 13574 ASM1072966v1",55d8fcdb32ddbe2b0c924561b5479a7c,0.031686541737649065,186000,5,2314000,/nfs3_ib/nfs-ip34/home/def-ilafores/analysis/boreal_moss/preproc/S-8-POLPIL-G/S-8-POLPIL-G_unmatched_2.fastq,S-8-POLPIL-G,f6b4b8c7,669233000,31,DNA,1000,669233,True,0.7678709629365719,0.894625193109609,0.8312480780230904,0.894625193109609,False,287,3729,2513791
135000,0.00020172346551948275,0.02175021240441801,0.00019126373027032438,7.916330355228418e-05,1.5546875,1.0,1.2612530584080857,/nfs3_ib/nfs-ip34/fast/def-ilafores/sourmash_db/genbank-2022.03-bacteria-k31.zip,"GCA_004137685.1 Lichenibacterium minor strain=RmlP026 ASM413768v1",1cfdff9a5643f1bc741e8140111fd291,0.022939677145284623,128000,6,2186000,/nfs3_ib/nfs-ip34/home/def-ilafores/analysis/boreal_moss/preproc/S-8-POLPIL-G/S-8-POLPIL-G_unmatched_2.fastq,S-8-POLPIL-G,f6b4b8c7,669233000,31,DNA,1000,669233,True,0.759973754360722,0.8853514836356818,0.8226626189982019,0.8853514836356818,False,199,3928,2513791
127000,0.00018976948237758748,0.0003400849906093649,0.00016586151609379693,0.0005358440697735015,12.135135135135135,1.0,111.16577074505484,/nfs3_ib/nfs-ip34/fast/def-ilafores/sourmash_db/genbank-2022.03-protozoa-k31.zip,"GCA_003640505.1 Plasmopara halstedii ASM364050v1",5905a6d59272b14945d51be7ae4ba091,0.0003891062505170211,111000,7,2075000,/nfs3_ib/nfs-ip34/home/def-ilafores/analysis/boreal_moss/preproc/S-8-POLPIL-G/S-8-POLPIL-G_unmatched_2.fastq,S-8-POLPIL-G,f6b4b8c7,669233000,31,DNA,1000,669233,True,0.7584776469176359,0.7762510492829419,0.7673643481002889,0.7762510492829419,False,1347,5275,2513791
207000,0.0003093093137965402,0.017304031839418584,0.00014942478927369092,6.484230391468503e-05,1.63,1.0,1.1632282665066216,/nfs3_ib/nfs-ip34/fast/def-ilafores/sourmash_db/genbank-2022.03-bacteria-k31.zip,"GCA_008040015.1 Methylobacterium sp. WL18 strain=WL18 ASM804001v1",c432bd77c1764b3ed0862743cb285d4a,0.03581934590759647,100000,8,1975000,/nfs3_ib/nfs-ip34/home/def-ilafores/analysis/boreal_moss/preproc/S-8-POLPIL-G/S-8-POLPIL-G_unmatched_2.fastq,S-8-POLPIL-G,f6b4b8c7,669233000,31,DNA,1000,669233,True,0.7705252426062847,0.898170183880462,0.8343477132433734,0.898170183880462,False,163,5438,2513791
105000,0.00015689602873737547,0.021896162528216703,0.0001449420455954802,6.046644291430751e-05,1.5670103092783505,1.0,1.1832788317671166,/nfs3_ib/nfs-ip34/fast/def-ilafores/sourmash_db/genbank-2022.03-bacteria-k31.zip,"GCA_903868005.1 uncultured Sphingomonadaceae bacterium freshwater MAG --- MJ130820A_bin-032",01dac2ee883e3f6298838620310d240f,0.023702031602708805,97000,9,1878000,/nfs3_ib/nfs-ip34/home/def-ilafores/analysis/boreal_moss/preproc/S-8-POLPIL-G/S-8-POLPIL-G_unmatched_2.fastq,S-8-POLPIL-G,f6b4b8c7,669233000,31,DNA,1000,669233,True,0.7538376163679914,0.8862856714892651,0.8200616439286282,0.8862856714892651,False,152,5590,2513791
697000,0.0010414907812376258,0.017051705170517052,0.00013896505402453255,5.330594309550794e-05,1.4408602150537635,1.0,0.8732877636235249,/nfs3_ib/nfs-ip34/fast/def-ilafores/sourmash_db/genbank-2022.03-bacteria-k31.zip,"GCA_008040095.1 Methylobacterium sp. WL6 strain=WL6 ASM804009v1",bc19574ca8763e851335d8e67caffdd8,0.1277961129446278,93000,10,1785000,/nfs3_ib/nfs-ip34/home/def-ilafores/analysis/boreal_moss/preproc/S-8-POLPIL-G/S-8-POLPIL-G_unmatched_2.fastq,S-8-POLPIL-G,f6b4b8c7,669233000,31,DNA,1000,669233,True,0.8013003574163504,0.9357891135217365,0.8685447354690434,0.9357891135217365,False,134,5724,2513791
138000,0.00020620620919769347,0.01621716904635995,0.00013747080613179564,4.7736665458663825e-05,1.3043478260869565,1.0,0.5660528941865886,/nfs3_ib/nfs-ip34/fast/def-ilafores/sourmash_db/genbank-2022.03-bacteria-k31.zip,"GCA_004137085.1 Lichenibacterium ramalinae strain=RmlP001 ASM413708v1",e5caa7fff3b6534a1d79c51129b48eb6,0.024325753569539928,92000,11,1693000,/nfs3_ib/nfs-ip34/home/def-ilafores/analysis/boreal_moss/preproc/S-8-POLPIL-G/S-8-POLPIL-G_unmatched_2.fastq,S-8-POLPIL-G,f6b4b8c7,669233000,31,DNA,1000,669233,True,0.7605127645214602,0.8870285997640032,0.8237706821427317,0.8870285997640032,False,120,5844,2513791
92000,0.00013747080613179564,0.002712823990799988,0.00013747080613179564,4.5349832185730634e-05,1.2391304347826086,1.0,0.5185591496468069,/nfs3_ib/nfs-ip34/fast/def-ilafores/sourmash_db/genbank-2022.03-fungi-k31.zip,"GCA_000444155.1 Cladonia macilenta KoLRI003786 strain=KoLRI003786 Clmac_v1",1e4119e1719c9beb5712e81c0f739a87,0.002712823990799988,92000,12,1601000,/nfs3_ib/nfs-ip34/home/def-ilafores/analysis/boreal_moss/preproc/S-8-POLPIL-G/S-8-POLPIL-G_unmatched_2.fastq,S-8-POLPIL-G,f6b4b8c7,669233000,31,DNA,1000,669233,True,0.7506303921253994,0.8264320455566917,0.7885312188410456,0.8264320455566917,False,114,5958,2513791
90000,0.00013448231034632183,0.012147388311513024,0.00013448231034632183,4.7736665458663825e-05,1.3333333333333333,1.0,1.3165611772087666,/nfs3_ib/nfs-ip34/fast/def-ilafores/sourmash_db/genbank-2022.03-bacteria-k31.zip,"GCA_003330725.1 Acidisarcina polymorpha strain=SBC82 ASM333072v1",50eb584445706a041942988680bc0cd3,0.012147388311513024,90000,13,1511000,/nfs3_ib/nfs-ip34/home/def-ilafores/analysis/boreal_moss/preproc/S-8-POLPIL-G/S-8-POLPIL-G_unmatched_2.fastq,S-8-POLPIL-G,f6b4b8c7,669233000,31,DNA,1000,669233,True,0.7500983860537208,0.8673794453516003,0.8087389157026605,0.8673794453516003,False,120,6078,2513791
87000,0.00012999956666811112,0.0016515593793209403,0.00012850531877537418,4.1371776730841986e-05,1.2093023255813953,1.0,0.5084467699784988,/nfs3_ib/nfs-ip34/fast/def-ilafores/sourmash_db/genbank-2022.03-fungi-k31.zip,"GCA_009732865.1 Chalara longipes BDJ strain=BDJ Chalo1",52298b4e7c4b8f1862e4cafad005f2e9,0.0016707635581502535,86000,14,1425000,/nfs3_ib/nfs-ip34/home/def-ilafores/analysis/boreal_moss/preproc/S-8-POLPIL-G/S-8-POLPIL-G_unmatched_2.fastq,S-8-POLPIL-G,f6b4b8c7,669233000,31,DNA,1000,669233,True,0.7492785280074729,0.8136106273935415,0.7814445777005072,0.8136106273935415,False,104,6182,2513791
100000,0.00014942478927369092,0.0005894099742243101,0.00010011460881337292,5.807960964137432e-05,2.1791044776119404,1.0,2.769370708917964,/nfs3_ib/nfs-ip34/fast/def-ilafores/sourmash_db/genbank-2022.03-fungi-k31.zip,"GCA_003314295.1 Cantharellus lutescens strain=MG144 ASM331429v1",962d0da28fbde9e858ee7dab0940317e,0.0008797163794392687,67000,15,1358000,/nfs3_ib/nfs-ip34/home/def-ilafores/analysis/boreal_moss/preproc/S-8-POLPIL-G/S-8-POLPIL-G_unmatched_2.fastq,S-8-POLPIL-G,f6b4b8c7,669233000,31,DNA,1000,669233,True,0.7526521024078932,0.7969487778754646,0.7748004401416788,0.7969487778754646,False,146,6328,2513791
135000,0.00020172346551948275,0.01047785362755993,9.862036092063602e-05,3.65981101849756e-05,1.393939393939394,1.0,0.9515344526125807,/nfs3_ib/nfs-ip34/fast/def-ilafores/sourmash_db/genbank-2022.03-bacteria-k31.zip,"GCA_001981325.1 Methylobacterium radiotolerans strain=RE1.2 ASM198132v1",df814d9b794946552a3a2d88c344960c,0.02143197332909986,66000,16,1292000,/nfs3_ib/nfs-ip34/home/def-ilafores/analysis/boreal_moss/preproc/S-8-POLPIL-G/S-8-POLPIL-G_unmatched_2.fastq,S-8-POLPIL-G,f6b4b8c7,669233000,31,DNA,1000,669233,True,0.759973754360722,0.8834120024448651,0.8216928784027935,0.8834120024448651,False,92,6420,2513791
71000,0.00010609160038432056,0.01489411217128229,9.563186513516219e-05,4.176958227633085e-05,1.640625,1.0,1.3505460411903771,/nfs3_ib/nfs-ip34/fast/def-ilafores/sourmash_db/genbank-2022.03-bacteria-k31.zip,"GCA_901457705.2 Beijerinckiaceae bacterium RH AL1 RHAL1_v2",68d38d139272b52f79455dbcc287ec27,0.016523155690016292,64000,17,1228000,/nfs3_ib/nfs-ip34/home/def-ilafores/analysis/boreal_moss/preproc/S-8-POLPIL-G/S-8-POLPIL-G_unmatched_2.fastq,S-8-POLPIL-G,f6b4b8c7,669233000,31,DNA,1000,669233,True,0.7443825115644443,0.8760303022876899,0.810206406926067,0.8760303022876899,False,105,6525,2513791
229000,0.00034218276743675223,0.010934025203854707,8.816062567147765e-05,3.222224918459808e-05,1.3728813559322033,1.0,0.5792544912079681,/nfs3_ib/nfs-ip34/fast/def-ilafores/sourmash_db/genbank-2022.03-bacteria-k31.zip,"GCA_022179125.1 Methylobacterium cerastii strain=DSM 23679 ASM2217912v1",42dc6e59959f45af47426c79f76d9bb6,0.04243884358784285,59000,18,1169000,/nfs3_ib/nfs-ip34/home/def-ilafores/analysis/boreal_moss/preproc/S-8-POLPIL-G/S-8-POLPIL-G_unmatched_2.fastq,S-8-POLPIL-G,f6b4b8c7,669233000,31,DNA,1000,669233,True,0.7730398376139078,0.9030968090828004,0.8380683233483541,0.9030968090828004,False,81,6606,2513791
67000,0.00010011460881337292,0.01364792967846403,8.816062567147765e-05,3.500688800302014e-05,1.4915254237288136,1.0,0.7449918974859631,/nfs3_ib/nfs-ip34/fast/def-ilafores/sourmash_db/genbank-2022.03-bacteria-k31.zip,"GCA_903642315.1 Rhodospirillales bacterium MAGs_Cladonia_metabat2_10",b24459fa7cbaf6012804723c28f7594e,0.01549849641452695,59000,19,1110000,/nfs3_ib/nfs-ip34/home/def-ilafores/analysis/boreal_moss/preproc/S-8-POLPIL-G/S-8-POLPIL-G_unmatched_2.fastq,S-8-POLPIL-G,f6b4b8c7,669233000,31,DNA,1000,669233,True,0.7429914033502829,0.8742230320291635,0.8086072176897232,0.8742230320291635,False,88,6694,2513791
128000,0.00019126373027032438,0.009646856158484065,8.367788199326692e-05,3.1426638093620355e-05,1.4107142857142858,1.0,0.6485364213333885,/nfs3_ib/nfs-ip34/fast/def-ilafores/sourmash_db/genbank-2022.03-bacteria-k31.zip,"GCA_021730615.1 Lichenibacterium sp. 6Y81 strain=6Y81 ASM2173061v1",173b1e87a8bf9cb02e8337a61eed4cff,0.022049956933677863,56000,20,1054000,/nfs3_ib/nfs-ip34/home/def-ilafores/analysis/boreal_moss/preproc/S-8-POLPIL-G/S-8-POLPIL-G_unmatched_2.fastq,S-8-POLPIL-G,f6b4b8c7,669233000,31,DNA,1000,669233,True,0.7586695703820925,0.8842224559724896,0.821446013177291,0.8842224559724896,False,79,6773,2513791
201000,0.00030034382644011877,0.008969398522687301,7.620664252958238e-05,2.8641999275198296e-05,1.411764705882353,1.0,0.7188354031303278,/nfs3_ib/nfs-ip34/fast/def-ilafores/sourmash_db/genbank-2022.03-bacteria-k31.zip,"GCA_001455965.1 Methylobacterium sp. GXS13 strain=GXS13 Methylo_sp_GXS13_v1",19194718776bd26d47de141bafda3d29,0.03534998241294407,51000,21,1003000,/nfs3_ib/nfs-ip34/home/def-ilafores/analysis/boreal_moss/preproc/S-8-POLPIL-G/S-8-POLPIL-G_unmatched_2.fastq,S-8-POLPIL-G,f6b4b8c7,669233000,31,DNA,1000,669233,True,0.7697944880201792,0.8977881012606526,0.8337912946404159,0.8977881012606526,False,72,6845,2513791
